t=1:100;
F=2*sin(10*t);
K1=50;
b=50;
M1=100;
k12=1000;
M2=0.25;



